t # 0 * 214
v 0 0
x 0 1 2 10 11 12 13 14 16 17 19 21 23 24 26 28 29 31 34 35 36 37 38 39 40 42 43 45 46 47 48 49 51 52 54 55 56 57 58 59 60 61 62 63 64 66 67 69 70 73 75 77 78 79 80 81 84 85 86 88 90 91 92 93 94 97 98 99 100 101 103 106 108 110 111 112 113 114 116 120 123 124 125 127 128 130 132 135 136 137 138 139 142 147 149 154 156 157 158 165 169 176 177 179 180 185 189 190 199 200 201 203 213 214 217 218 220 222 223 224 225 229 230 231 234 236 238 240 241 242 243 245 247 248 250 251 252 253 254 255 256 257 258 259 260 262 263 264 265 267 268 269 270 271 272 273 274 275 276 277 278 279 280 281 282 283 284 287 288 289 290 291 292 293 294 295 296 297 298 299 300 301 302 303 304 305 306 307 308 309 310 311 312 313 314 315 316 317 318 319 320 321 323 324 325 326 327 329 330 333 335 337 338 339

t # 1 * 321
v 0 1
x 0 1 2 3 4 5 6 7 8 9 10 11 12 13 14 15 16 19 20 21 22 23 24 25 26 27 28 29 30 32 33 34 35 36 37 38 39 40 41 42 43 44 45 46 47 48 49 50 51 52 53 54 55 56 57 58 59 60 61 62 63 64 66 67 68 69 70 71 72 73 74 75 76 77 78 79 80 81 82 83 84 85 86 88 89 90 91 92 93 94 95 96 97 98 99 100 101 102 103 104 106 107 108 109 110 111 112 113 114 115 117 118 119 120 122 123 124 125 126 127 128 129 130 131 132 133 134 135 136 137 138 139 140 141 142 143 144 145 146 147 148 149 150 151 152 153 154 155 156 157 158 159 160 161 162 163 164 165 166 167 168 169 170 171 172 173 174 175 176 177 178 179 180 181 182 184 185 186 187 188 189 190 191 192 193 194 195 196 197 198 199 200 201 202 203 205 206 207 208 209 210 211 212 213 214 215 216 217 218 219 220 221 222 223 224 225 226 228 229 230 231 232 233 234 235 236 238 239 240 241 242 243 245 246 247 248 250 251 252 253 254 255 256 257 258 259 260 261 262 263 264 265 266 267 268 269 270 271 272 273 274 275 276 277 278 279 280 281 282 283 284 285 286 287 288 289 290 291 292 293 294 295 296 297 298 299 300 301 302 303 304 305 306 307 308 309 310 311 312 313 314 315 316 317 318 319 320 321 322 323 324 325 326 327 328 329 330 334 335 336 337

t # 2 * 142
v 0 5
x 0 1 257 258 259 262 264 11 12 268 269 272 17 273 274 20 276 21 277 278 23 279 280 282 27 283 28 284 285 286 287 288 289 34 290 291 292 293 294 295 296 41 42 298 299 44 300 45 301 302 303 48 304 49 305 306 307 309 310 311 56 312 314 59 315 316 61 317 62 319 320 321 66 328 329 74 75 78 335 80 81 82 84 85 88 89 90 92 93 94 96 97 99 103 109 111 112 116 117 121 125 126 128 129 130 135 138 139 149 156 157 158 163 169 180 186 191 202 205 207 215 216 217 224 225 227 228 230 236 238 239 241 242 244 245 247 248 250 252 253 254 255

t # 3 * 239
v 0 9
x 3 4 5 6 8 9 10 11 12 15 16 19 20 22 23 25 26 27 28 29 30 32 33 34 36 37 40 41 42 44 46 47 49 50 51 52 53 54 55 56 57 58 59 60 61 62 63 64 66 67 68 69 71 72 73 74 75 76 80 82 83 84 86 88 89 90 91 92 93 94 95 96 97 98 99 100 101 102 103 104 108 109 111 112 115 117 118 119 120 122 123 125 126 129 130 131 132 133 134 136 138 140 141 142 143 144 145 146 147 148 149 150 151 152 153 154 155 159 160 161 162 163 164 165 166 167 168 169 170 171 172 173 174 175 176 177 178 179 180 181 182 184 185 186 187 188 189 190 191 192 193 194 195 196 197 198 199 200 201 203 204 205 206 207 208 209 210 211 212 213 214 215 216 219 221 222 224 226 228 230 231 232 233 234 235 236 238 239 240 242 243 246 247 251 252 254 257 259 261 262 263 265 266 268 269 270 271 272 273 275 276 278 282 289 293 294 297 299 302 303 305 307 308 312 313 314 315 316 317 320 321 322 328 329 332 334 335 336 337

t # 4 * 234
v 0 1
v 1 9
e 0 1 0
x 3 4 5 6 8 9 11 12 15 16 19 20 22 23 25 26 27 28 29 30 32 33 34 36 37 40 41 42 44 46 47 49 50 51 52 53 54 55 56 57 58 59 60 61 62 63 64 66 67 68 69 71 72 73 74 75 76 80 82 83 84 86 88 89 90 91 92 93 94 95 96 97 98 99 100 101 102 103 104 108 109 111 112 115 117 118 119 120 122 123 125 126 129 130 131 132 133 134 136 138 140 141 142 143 144 145 146 147 148 149 150 151 152 153 154 155 159 160 161 162 163 164 165 166 167 168 169 170 171 172 173 174 175 176 177 178 179 180 181 182 184 185 186 187 188 189 190 191 192 193 194 195 196 197 198 199 200 201 203 205 206 207 208 209 210 211 212 213 215 216 219 221 222 224 226 228 230 231 232 233 234 235 236 238 239 240 243 246 247 251 252 254 257 259 261 262 263 265 266 268 269 270 271 272 273 275 276 278 282 289 293 294 297 299 302 303 305 307 308 312 313 314 315 316 317 320 321 322 328 329 334 335 336 337

t # 5 * 220
v 0 1
v 1 9
v 2 1
e 0 1 0
e 1 2 0
x 5 8 9 11 12 15 16 20 22 23 25 26 27 28 33 34 36 37 40 41 42 44 46 47 49 50 51 52 53 54 55 56 57 58 59 60 61 62 63 64 66 67 68 69 71 72 74 75 76 80 82 83 84 86 88 89 90 91 92 93 94 95 96 97 98 99 100 101 102 103 104 108 109 111 112 115 117 118 119 120 122 123 125 126 129 130 131 132 133 134 136 138 140 141 142 143 144 145 146 147 148 149 150 151 152 153 154 155 159 160 161 162 163 164 165 166 167 168 169 170 171 172 173 174 175 176 177 178 179 180 181 182 184 185 186 187 188 189 190 191 192 193 194 199 200 201 203 205 206 207 208 210 211 212 213 215 216 219 221 222 224 226 228 230 231 232 233 234 235 236 238 239 240 243 246 247 251 252 254 257 259 261 262 263 265 266 268 269 270 271 272 273 275 276 278 282 289 293 294 297 299 302 303 305 307 308 312 313 314 315 316 317 320 321 322 329 334 335 336 337

t # 6 * 160
v 0 1
v 1 9
v 2 1
v 3 1
e 0 1 0
e 1 2 0
e 1 3 0
x 257 259 262 9 265 12 268 269 270 271 16 272 273 275 276 22 278 23 26 282 27 28 33 289 34 36 37 293 294 40 297 42 46 302 47 303 49 305 50 51 307 52 308 53 54 55 312 57 58 314 59 60 61 317 62 63 64 320 321 66 322 67 69 72 329 75 76 335 80 337 82 86 88 89 92 93 94 96 97 98 99 101 102 108 109 111 112 115 117 118 119 122 123 125 126 130 131 132 133 134 136 138 141 147 148 149 150 152 153 155 162 163 164 165 166 167 168 169 170 173 175 176 177 178 180 182 185 186 187 190 192 193 199 200 201 203 206 208 210 211 212 213 215 216 219 221 222 224 230 233 236 238 239 240 243 246 247 251 252 254

t # 7 * 213
v 0 0
v 1 0
e 0 1 3
x 0 1 2 10 11 12 13 14 16 17 19 21 23 24 26 28 29 31 34 35 36 37 38 39 40 42 43 45 46 47 48 49 51 52 54 55 56 57 58 59 60 61 62 63 64 66 67 69 70 73 75 77 78 79 80 81 84 85 86 88 90 91 92 93 94 97 98 99 100 101 103 106 108 110 111 112 113 114 120 123 124 125 127 128 130 132 135 136 137 138 139 142 147 149 154 156 157 158 165 169 176 177 179 180 185 189 190 199 200 201 203 213 214 217 218 220 222 223 224 225 229 230 231 234 236 238 240 241 242 243 245 247 248 250 251 252 253 254 255 256 257 258 259 260 262 263 264 265 267 268 269 270 271 272 273 274 275 276 277 278 279 280 281 282 283 284 287 288 289 290 291 292 293 294 295 296 297 298 299 300 301 302 303 304 305 306 307 308 309 310 311 312 313 314 315 316 317 318 319 320 321 323 324 325 326 327 329 330 333 335 337 338 339

t # 8 * 213
v 0 0
v 1 0
v 2 0
e 0 1 3
e 1 2 3
x 0 1 2 10 11 12 13 14 16 17 19 21 23 24 26 28 29 31 34 35 36 37 38 39 40 42 43 45 46 47 48 49 51 52 54 55 56 57 58 59 60 61 62 63 64 66 67 69 70 73 75 77 78 79 80 81 84 85 86 88 90 91 92 93 94 97 98 99 100 101 103 106 108 110 111 112 113 114 120 123 124 125 127 128 130 132 135 136 137 138 139 142 147 149 154 156 157 158 165 169 176 177 179 180 185 189 190 199 200 201 203 213 214 217 218 220 222 223 224 225 229 230 231 234 236 238 240 241 242 243 245 247 248 250 251 252 253 254 255 256 257 258 259 260 262 263 264 265 267 268 269 270 271 272 273 274 275 276 277 278 279 280 281 282 283 284 287 288 289 290 291 292 293 294 295 296 297 298 299 300 301 302 303 304 305 306 307 308 309 310 311 312 313 314 315 316 317 318 319 320 321 323 324 325 326 327 329 330 333 335 337 338 339

t # 9 * 206
v 0 0
v 1 0
v 2 0
v 3 1
e 0 1 3
e 1 2 3
e 1 3 0
x 0 1 2 10 11 12 13 14 16 19 21 23 24 26 28 29 34 35 37 38 39 40 42 43 45 46 47 48 49 51 52 54 55 56 57 58 59 60 61 62 63 64 66 67 69 70 73 75 77 78 79 80 81 84 85 86 88 90 91 92 93 94 97 98 99 100 101 103 106 108 110 111 112 113 114 120 123 124 125 127 128 130 132 135 136 137 138 139 142 147 149 154 156 157 158 165 169 176 177 179 180 185 189 190 199 200 201 203 213 214 217 218 220 222 223 224 225 229 230 231 234 236 238 240 241 242 245 247 248 250 251 252 253 254 255 256 257 258 259 260 262 263 264 265 267 268 269 270 271 272 273 274 275 276 277 278 279 280 281 282 283 284 287 288 289 290 291 292 293 294 295 296 297 298 299 300 301 302 303 304 305 306 307 308 309 310 311 312 313 314 315 316 317 318 319 320 321 323 324 325 326 327 329 330 335 337

t # 10 * 212
v 0 0
v 1 0
v 2 0
v 3 0
e 0 1 3
e 1 2 3
e 2 3 3
x 0 1 2 10 11 12 13 14 16 17 19 21 23 24 26 28 29 31 34 35 36 37 38 39 40 42 43 45 46 47 48 49 51 52 54 55 56 57 58 59 60 61 62 63 64 66 67 69 70 73 75 77 78 79 80 81 84 85 86 88 90 91 92 93 94 97 98 99 100 101 103 106 108 110 111 112 113 114 120 123 124 125 127 128 130 132 135 136 137 138 139 142 147 149 154 156 157 158 165 169 176 177 179 180 185 189 199 200 201 203 213 214 217 218 220 222 223 224 225 229 230 231 234 236 238 240 241 242 243 245 247 248 250 251 252 253 254 255 256 257 258 259 260 262 263 264 265 267 268 269 270 271 272 273 274 275 276 277 278 279 280 281 282 283 284 287 288 289 290 291 292 293 294 295 296 297 298 299 300 301 302 303 304 305 306 307 308 309 310 311 312 313 314 315 316 317 318 319 320 321 323 324 325 326 327 329 330 333 335 337 338 339

t # 11 * 198
v 0 0
v 1 0
v 2 0
v 3 0
v 4 0
e 0 1 3
e 1 2 3
e 2 3 3
e 3 4 3
x 0 1 2 10 11 12 13 14 16 17 19 21 23 24 26 28 29 31 34 35 36 37 38 39 40 42 43 45 46 47 49 51 52 54 55 56 57 58 59 60 61 62 63 64 66 67 69 70 73 75 77 79 80 81 84 85 86 88 91 92 93 94 97 98 99 101 103 108 110 112 113 114 120 123 124 125 128 130 132 135 136 137 138 139 142 147 149 154 156 157 158 165 169 176 177 179 180 185 189 199 200 201 203 213 214 222 223 224 225 229 230 231 234 236 238 240 241 242 243 245 247 248 250 251 252 253 254 255 256 257 258 259 260 262 263 264 265 267 268 269 270 271 272 273 274 275 276 277 278 279 281 282 283 284 287 288 289 290 291 292 293 294 295 296 297 299 300 301 302 303 304 305 306 307 308 309 310 311 312 313 314 315 317 319 320 321 323 324 325 326 327 329 330 333 335 337 338 339

t # 12 * 191
v 0 0
v 1 0
v 2 0
v 3 0
v 4 0
v 5 1
e 0 1 3
e 1 2 3
e 2 3 3
e 3 4 3
e 3 5 0
x 0 256 1 257 2 258 259 260 262 263 264 265 10 11 267 12 268 13 269 14 270 271 16 272 273 274 19 275 276 21 277 278 23 279 24 281 26 282 283 28 284 29 287 288 289 34 290 35 291 292 37 293 38 294 39 295 40 296 297 42 43 299 300 45 301 46 302 47 303 304 49 305 306 51 307 52 308 309 54 310 55 311 56 312 57 313 58 314 59 315 60 61 317 62 63 319 64 320 321 66 67 323 324 69 325 70 326 327 73 329 330 75 77 79 335 80 81 337 84 85 86 88 91 92 93 94 97 98 99 101 103 108 110 112 113 114 120 123 124 125 128 130 132 135 136 137 138 139 142 147 149 154 156 157 158 165 169 176 177 179 180 185 189 199 200 201 203 213 214 222 223 224 225 229 230 231 234 236 238 240 241 242 245 247 248 250 251 252 253 254 255

t # 13 * 165
v 0 0
v 1 0
v 2 0
v 3 0
v 4 0
v 5 1
v 6 1
e 0 1 3
e 1 2 3
e 2 3 3
e 3 4 3
e 3 5 0
e 2 6 0
x 0 256 1 257 2 258 260 263 264 265 10 267 12 268 13 14 271 16 272 273 274 19 276 21 277 278 23 24 281 26 282 283 28 284 29 287 289 34 290 35 291 292 37 293 38 294 39 295 40 296 297 43 299 300 45 301 302 47 303 304 49 305 306 51 307 52 308 309 54 310 55 311 56 312 57 313 314 59 315 60 61 317 62 63 319 64 320 321 66 67 325 70 73 329 330 75 77 79 335 80 81 337 84 85 88 91 92 94 97 98 99 101 103 108 110 112 113 114 120 123 124 125 128 132 135 136 137 139 142 147 154 156 157 158 165 169 176 177 179 185 189 199 200 201 203 213 214 222 223 224 225 229 230 231 234 238 241 242 245 248 251 252 253 254 255

t # 14 * 171
v 0 0
v 1 0
v 2 0
v 3 0
v 4 0
v 5 1
v 6 1
e 0 1 3
e 1 2 3
e 2 3 3
e 3 4 3
e 3 5 0
e 1 6 0
x 0 256 1 257 2 258 260 263 264 265 10 267 12 268 13 14 271 16 272 273 274 19 275 276 21 278 23 279 24 281 26 282 283 28 284 29 287 288 289 34 290 35 291 292 37 293 38 294 39 295 40 296 297 42 43 299 300 45 301 46 302 47 303 304 305 306 51 307 52 308 309 54 310 55 311 56 312 57 313 58 314 59 315 60 61 317 62 319 64 320 321 66 67 69 325 70 327 73 329 330 75 77 79 335 80 81 337 84 85 88 91 92 94 97 98 99 101 103 108 110 112 113 114 120 123 124 125 128 130 132 135 136 137 138 139 147 154 156 157 158 165 169 176 177 179 185 189 199 200 201 203 213 214 222 223 224 225 229 230 231 234 238 241 242 245 248 251 252 253 254 255

t # 15 * 180
v 0 0
v 1 0
v 2 0
v 3 0
v 4 0
v 5 0
e 0 1 3
e 1 2 3
e 2 3 3
e 3 4 3
e 4 5 3
x 0 1 257 2 258 260 263 264 265 10 11 267 12 268 13 269 14 271 16 272 273 274 19 275 276 21 277 278 23 279 24 281 26 282 283 28 284 29 31 288 289 34 290 35 291 36 292 37 293 38 294 39 295 40 296 297 42 43 299 300 45 301 46 47 303 304 305 306 51 307 52 308 309 54 310 55 311 56 312 57 313 58 314 59 315 60 61 317 62 63 319 64 320 321 66 67 323 324 69 70 326 327 73 329 330 75 77 333 79 335 80 81 337 338 339 84 85 86 88 91 92 94 97 98 99 101 103 108 110 112 113 120 123 124 125 128 132 135 136 137 138 139 147 149 154 156 157 158 165 169 176 177 179 180 185 199 200 201 203 213 214 222 223 224 225 229 230 231 234 238 240 242 243 245 248 251 252 253 254 255

t # 16 * 180
v 0 0
v 1 0
v 2 0
v 3 0
v 4 0
v 5 0
e 0 1 3
e 1 2 3
e 2 3 3
e 3 4 3
e 4 5 3
e 5 0 3
x 0 1 257 2 258 260 263 264 265 10 11 267 12 268 13 269 14 271 16 272 273 274 19 275 276 21 277 278 23 279 24 281 26 282 283 28 284 29 31 288 289 34 290 35 291 36 292 37 293 38 294 39 295 40 296 297 42 43 299 300 45 301 46 47 303 304 305 306 51 307 52 308 309 54 310 55 311 56 312 57 313 58 314 59 315 60 61 317 62 63 319 64 320 321 66 67 323 324 69 70 326 327 73 329 330 75 77 333 79 335 80 81 337 338 339 84 85 86 88 91 92 94 97 98 99 101 103 108 110 112 113 120 123 124 125 128 132 135 136 137 138 139 147 149 154 156 157 158 165 169 176 177 179 180 185 199 200 201 203 213 214 222 223 224 225 229 230 231 234 238 240 242 243 245 248 251 252 253 254 255

t # 17 * 174
v 0 0
v 1 0
v 2 0
v 3 0
v 4 0
v 5 0
v 6 1
e 0 1 3
e 1 2 3
e 2 3 3
e 3 4 3
e 4 5 3
e 5 0 3
e 5 6 0
x 0 1 257 2 258 260 263 264 265 10 11 267 12 268 13 269 14 271 16 272 273 274 19 275 276 21 277 278 23 279 24 281 26 282 283 28 284 29 288 289 34 290 35 291 292 37 293 38 294 39 295 40 296 297 42 43 299 300 45 301 46 47 303 304 305 306 51 307 52 308 309 54 310 55 311 56 312 57 313 58 314 59 315 60 61 317 62 63 319 64 320 321 66 67 323 324 69 70 326 327 73 329 330 75 77 79 335 80 81 337 84 85 86 88 91 92 94 97 98 99 101 103 108 110 112 113 120 123 124 125 128 132 135 136 137 138 139 147 149 154 156 157 158 165 169 176 177 179 180 185 199 200 201 203 213 214 222 223 224 225 229 230 231 234 238 240 242 245 248 251 252 253 254 255

t # 18 * 159
v 0 0
v 1 0
v 2 0
v 3 0
v 4 0
v 5 0
v 6 1
v 7 1
e 0 1 3
e 1 2 3
e 2 3 3
e 3 4 3
e 4 5 3
e 5 0 3
e 5 6 0
e 2 7 0
x 0 1 257 2 258 260 263 264 265 10 11 267 12 268 13 269 14 271 16 272 273 274 19 276 21 278 23 24 281 26 282 283 28 284 29 289 34 290 35 291 292 37 293 38 294 39 295 40 296 297 43 299 300 45 301 47 303 304 305 306 51 307 52 308 309 54 310 55 311 56 57 313 314 59 315 60 61 317 63 319 64 320 321 66 67 70 326 73 329 330 75 77 79 335 80 81 337 84 85 86 88 91 92 94 97 98 99 101 103 108 110 112 113 120 123 124 125 128 132 135 136 137 139 147 149 154 156 157 158 165 169 176 177 179 180 185 199 200 201 203 213 214 222 223 224 225 229 231 234 238 240 242 245 248 251 252 253 254 255

t # 19 * 163
v 0 0
v 1 0
v 2 0
v 3 0
v 4 0
v 5 0
v 6 1
v 7 1
e 0 1 3
e 1 2 3
e 2 3 3
e 3 4 3
e 4 5 3
e 5 0 3
e 5 6 0
e 3 7 0
x 0 1 257 2 258 260 263 264 265 10 267 12 268 13 14 271 16 272 273 274 19 275 276 21 278 23 279 24 281 26 282 283 28 284 29 288 289 34 290 35 291 292 37 293 38 294 39 295 40 296 297 42 43 299 300 45 301 46 47 303 304 305 306 51 307 52 308 309 54 310 55 311 56 312 57 313 58 314 59 315 60 61 317 62 319 64 320 321 66 67 69 70 327 73 329 330 75 77 79 335 80 81 337 84 85 88 91 92 94 97 98 99 101 103 108 110 112 113 120 123 124 125 128 132 135 136 137 138 139 147 154 156 157 158 165 169 176 177 179 185 199 200 201 203 213 214 222 223 224 225 229 230 231 234 238 242 245 248 251 252 253 254 255

t # 20 * 156
v 0 0
v 1 0
v 2 0
v 3 0
v 4 0
v 5 0
v 6 1
v 7 1
e 0 1 3
e 1 2 3
e 2 3 3
e 3 4 3
e 4 5 3
e 5 0 3
e 5 6 0
e 4 7 0
x 0 1 257 2 258 260 263 264 265 10 267 12 268 13 14 271 16 272 273 274 19 276 21 277 278 23 24 281 26 282 283 28 284 29 289 34 290 35 291 292 37 293 38 294 39 295 40 296 297 43 299 300 45 301 47 303 304 305 306 51 307 52 308 309 54 310 55 311 56 312 57 313 314 59 315 60 61 317 62 63 319 64 320 321 66 67 70 73 329 330 75 77 79 335 80 81 337 84 85 88 91 92 94 97 98 99 101 103 108 110 112 113 120 123 124 125 128 132 135 136 137 139 147 154 156 157 158 165 169 176 177 179 185 199 200 201 203 213 214 222 223 224 225 229 230 231 234 238 242 245 248 251 252 253 254 255

t # 21 * 151
v 0 0
v 1 0
v 2 0
v 3 0
v 4 0
v 5 0
v 6 1
v 7 1
v 8 1
e 0 1 3
e 1 2 3
e 2 3 3
e 3 4 3
e 4 5 3
e 5 0 3
e 5 6 0
e 4 7 0
e 2 8 0
x 0 1 257 2 258 260 263 264 265 10 267 12 268 13 14 271 16 272 273 274 19 276 21 278 23 24 281 26 282 283 28 284 29 289 34 290 35 291 292 37 293 38 294 39 295 40 296 297 43 299 300 45 301 47 303 304 305 306 51 307 52 308 309 54 310 55 311 56 57 313 314 59 315 60 61 317 319 64 320 321 66 67 70 73 329 330 75 77 79 335 80 81 337 84 85 88 91 92 94 97 98 99 101 103 108 110 112 113 120 123 124 125 128 132 135 136 137 139 147 154 156 157 158 165 169 176 177 179 185 199 200 201 203 213 214 222 223 224 225 229 231 234 238 242 245 248 251 252 253 254 255

t # 22 * 174
v 0 0
v 1 0
v 2 0
v 3 0
v 4 0
v 5 0
v 6 1
e 0 1 3
e 1 2 3
e 2 3 3
e 3 4 3
e 4 5 3
e 3 6 0
x 0 1 257 2 258 260 263 264 265 10 11 267 12 268 13 269 14 271 16 272 273 274 19 275 276 21 277 278 23 279 24 281 26 282 283 28 284 29 288 289 34 290 35 291 292 37 293 38 294 39 295 40 296 297 42 43 299 300 45 301 46 47 303 304 305 306 51 307 52 308 309 54 310 55 311 56 312 57 313 58 314 59 315 60 61 317 62 63 319 64 320 321 66 67 323 324 69 70 326 327 73 329 330 75 77 79 335 80 81 337 84 85 86 88 91 92 94 97 98 99 101 103 108 110 112 113 120 123 124 125 128 132 135 136 137 138 139 147 149 154 156 157 158 165 169 176 177 179 180 185 199 200 201 203 213 214 222 223 224 225 229 230 231 234 238 240 242 245 248 251 252 253 254 255

t # 23 * 156
v 0 0
v 1 0
v 2 0
v 3 0
v 4 0
v 5 0
v 6 1
v 7 1
e 0 1 3
e 1 2 3
e 2 3 3
e 3 4 3
e 4 5 3
e 3 6 0
e 2 7 0
x 0 1 257 2 258 260 263 264 265 10 267 12 268 13 14 271 16 272 273 274 19 276 21 277 278 23 24 281 26 282 283 28 284 29 289 34 290 35 291 292 37 293 38 294 39 295 40 296 297 43 299 300 45 301 47 303 304 305 306 51 307 52 308 309 54 310 55 311 56 312 57 313 314 59 315 60 61 317 62 63 319 64 320 321 66 67 70 73 329 330 75 77 79 335 80 81 337 84 85 88 91 92 94 97 98 99 101 103 108 110 112 113 120 123 124 125 128 132 135 136 137 139 147 154 156 157 158 165 169 176 177 179 185 199 200 201 203 213 214 222 223 224 225 229 230 231 234 238 242 245 248 251 252 253 254 255

t # 24 * 174
v 0 0
v 1 0
v 2 0
v 3 0
v 4 0
v 5 0
v 6 1
e 0 1 3
e 1 2 3
e 2 3 3
e 3 4 3
e 4 5 3
e 4 6 0
x 0 1 257 2 258 260 263 264 265 10 11 267 12 268 13 269 14 271 16 272 273 274 19 275 276 21 277 278 23 279 24 281 26 282 283 28 284 29 288 289 34 290 35 291 292 37 293 38 294 39 295 40 296 297 42 43 299 300 45 301 46 47 303 304 305 306 51 307 52 308 309 54 310 55 311 56 312 57 313 58 314 59 315 60 61 317 62 63 319 64 320 321 66 67 323 324 69 70 326 327 73 329 330 75 77 79 335 80 81 337 84 85 86 88 91 92 94 97 98 99 101 103 108 110 112 113 120 123 124 125 128 132 135 136 137 138 139 147 149 154 156 157 158 165 169 176 177 179 180 185 199 200 201 203 213 214 222 223 224 225 229 230 231 234 238 240 242 245 248 251 252 253 254 255

t # 25 * 163
v 0 0
v 1 0
v 2 0
v 3 0
v 4 0
v 5 0
v 6 1
v 7 1
e 0 1 3
e 1 2 3
e 2 3 3
e 3 4 3
e 4 5 3
e 4 6 0
e 2 7 0
x 0 1 257 2 258 260 263 264 265 10 267 12 268 13 14 271 16 272 273 274 19 275 276 21 278 23 279 24 281 26 282 283 28 284 29 288 289 34 290 35 291 292 37 293 38 294 39 295 40 296 297 42 43 299 300 45 301 46 47 303 304 305 306 51 307 52 308 309 54 310 55 311 56 312 57 313 58 314 59 315 60 61 317 62 319 64 320 321 66 67 69 70 327 73 329 330 75 77 79 335 80 81 337 84 85 88 91 92 94 97 98 99 101 103 108 110 112 113 120 123 124 125 128 132 135 136 137 138 139 147 154 156 157 158 165 169 176 177 179 185 199 200 201 203 213 214 222 223 224 225 229 230 231 234 238 242 245 248 251 252 253 254 255

t # 26 * 156
v 0 0
v 1 0
v 2 0
v 3 0
v 4 0
v 5 0
v 6 1
v 7 1
e 0 1 3
e 1 2 3
e 2 3 3
e 3 4 3
e 4 5 3
e 4 6 0
e 3 7 0
x 0 1 257 2 258 260 263 264 265 10 267 12 268 13 14 271 16 272 273 274 19 276 21 277 278 23 24 281 26 282 283 28 284 29 289 34 290 35 291 292 37 293 38 294 39 295 40 296 297 43 299 300 45 301 47 303 304 305 306 51 307 52 308 309 54 310 55 311 56 312 57 313 314 59 315 60 61 317 62 63 319 64 320 321 66 67 70 73 329 330 75 77 79 335 80 81 337 84 85 88 91 92 94 97 98 99 101 103 108 110 112 113 120 123 124 125 128 132 135 136 137 139 147 154 156 157 158 165 169 176 177 179 185 199 200 201 203 213 214 222 223 224 225 229 230 231 234 238 242 245 248 251 252 253 254 255

t # 27 * 151
v 0 0
v 1 0
v 2 0
v 3 0
v 4 0
v 5 0
v 6 1
v 7 1
v 8 1
e 0 1 3
e 1 2 3
e 2 3 3
e 3 4 3
e 4 5 3
e 4 6 0
e 3 7 0
e 1 8 0
x 0 1 257 2 258 260 263 264 265 10 267 12 268 13 14 271 16 272 273 274 19 276 21 278 23 24 281 26 282 283 28 284 29 289 34 290 35 291 292 37 293 38 294 39 295 40 296 297 43 299 300 45 301 47 303 304 305 306 51 307 52 308 309 54 310 55 311 56 57 313 314 59 315 60 61 317 319 64 320 321 66 67 70 73 329 330 75 77 79 335 80 81 337 84 85 88 91 92 94 97 98 99 101 103 108 110 112 113 120 123 124 125 128 132 135 136 137 139 147 154 156 157 158 165 169 176 177 179 185 199 200 201 203 213 214 222 223 224 225 229 231 234 238 242 245 248 251 252 253 254 255

t # 28 * 159
v 0 0
v 1 0
v 2 0
v 3 0
v 4 0
v 5 0
v 6 1
v 7 1
e 0 1 3
e 1 2 3
e 2 3 3
e 3 4 3
e 4 5 3
e 4 6 0
e 1 7 0
x 0 1 257 2 258 260 263 264 265 10 11 267 12 268 13 269 14 271 16 272 273 274 19 276 21 278 23 24 281 26 282 283 28 284 29 289 34 290 35 291 292 37 293 38 294 39 295 40 296 297 43 299 300 45 301 47 303 304 305 306 51 307 52 308 309 54 310 55 311 56 57 313 314 59 315 60 61 317 63 319 64 320 321 66 67 70 326 73 329 330 75 77 79 335 80 81 337 84 85 86 88 91 92 94 97 98 99 101 103 108 110 112 113 120 123 124 125 128 132 135 136 137 139 147 149 154 156 157 158 165 169 176 177 179 180 185 199 200 201 203 213 214 222 223 224 225 229 231 234 238 240 242 245 248 251 252 253 254 255

t # 29 * 174
v 0 0
v 1 0
v 2 0
v 3 0
v 4 0
v 5 0
v 6 1
e 0 1 3
e 1 2 3
e 2 3 3
e 3 4 3
e 4 5 3
e 5 6 0
x 0 1 257 2 258 260 263 264 265 10 11 267 12 268 13 269 14 271 16 272 273 274 19 275 276 21 277 278 23 279 24 281 26 282 283 28 284 29 288 289 34 290 35 291 292 37 293 38 294 39 295 40 296 297 42 43 299 300 45 301 46 47 303 304 305 306 51 307 52 308 309 54 310 55 311 56 312 57 313 58 314 59 315 60 61 317 62 63 319 64 320 321 66 67 323 324 69 70 326 327 73 329 330 75 77 79 335 80 81 337 84 85 86 88 91 92 94 97 98 99 101 103 108 110 112 113 120 123 124 125 128 132 135 136 137 138 139 147 149 154 156 157 158 165 169 176 177 179 180 185 199 200 201 203 213 214 222 223 224 225 229 230 231 234 238 240 242 245 248 251 252 253 254 255

t # 30 * 159
v 0 0
v 1 0
v 2 0
v 3 0
v 4 0
v 5 0
v 6 1
v 7 1
e 0 1 3
e 1 2 3
e 2 3 3
e 3 4 3
e 4 5 3
e 5 6 0
e 2 7 0
x 0 1 257 2 258 260 263 264 265 10 11 267 12 268 13 269 14 271 16 272 273 274 19 276 21 278 23 24 281 26 282 283 28 284 29 289 34 290 35 291 292 37 293 38 294 39 295 40 296 297 43 299 300 45 301 47 303 304 305 306 51 307 52 308 309 54 310 55 311 56 57 313 314 59 315 60 61 317 63 319 64 320 321 66 67 70 326 73 329 330 75 77 79 335 80 81 337 84 85 86 88 91 92 94 97 98 99 101 103 108 110 112 113 120 123 124 125 128 132 135 136 137 139 147 149 154 156 157 158 165 169 176 177 179 180 185 199 200 201 203 213 214 222 223 224 225 229 231 234 238 240 242 245 248 251 252 253 254 255

t # 31 * 151
v 0 0
v 1 0
v 2 0
v 3 0
v 4 0
v 5 0
v 6 1
v 7 1
v 8 1
e 0 1 3
e 1 2 3
e 2 3 3
e 3 4 3
e 4 5 3
e 5 6 0
e 2 7 0
e 1 8 0
x 0 1 257 2 258 260 263 264 265 10 267 12 268 13 14 271 16 272 273 274 19 276 21 278 23 24 281 26 282 283 28 284 29 289 34 290 35 291 292 37 293 38 294 39 295 40 296 297 43 299 300 45 301 47 303 304 305 306 51 307 52 308 309 54 310 55 311 56 57 313 314 59 315 60 61 317 319 64 320 321 66 67 70 73 329 330 75 77 79 335 80 81 337 84 85 88 91 92 94 97 98 99 101 103 108 110 112 113 120 123 124 125 128 132 135 136 137 139 147 154 156 157 158 165 169 176 177 179 185 199 200 201 203 213 214 222 223 224 225 229 231 234 238 242 245 248 251 252 253 254 255

t # 32 * 163
v 0 0
v 1 0
v 2 0
v 3 0
v 4 0
v 5 0
v 6 1
v 7 1
e 0 1 3
e 1 2 3
e 2 3 3
e 3 4 3
e 4 5 3
e 5 6 0
e 3 7 0
x 0 1 257 2 258 260 263 264 265 10 267 12 268 13 14 271 16 272 273 274 19 275 276 21 278 23 279 24 281 26 282 283 28 284 29 288 289 34 290 35 291 292 37 293 38 294 39 295 40 296 297 42 43 299 300 45 301 46 47 303 304 305 306 51 307 52 308 309 54 310 55 311 56 312 57 313 58 314 59 315 60 61 317 62 319 64 320 321 66 67 69 70 327 73 329 330 75 77 79 335 80 81 337 84 85 88 91 92 94 97 98 99 101 103 108 110 112 113 120 123 124 125 128 132 135 136 137 138 139 147 154 156 157 158 165 169 176 177 179 185 199 200 201 203 213 214 222 223 224 225 229 230 231 234 238 242 245 248 251 252 253 254 255

t # 33 * 151
v 0 0
v 1 0
v 2 0
v 3 0
v 4 0
v 5 0
v 6 1
v 7 1
v 8 1
e 0 1 3
e 1 2 3
e 2 3 3
e 3 4 3
e 4 5 3
e 5 6 0
e 3 7 0
e 2 8 0
x 0 1 257 2 258 260 263 264 265 10 267 12 268 13 14 271 16 272 273 274 19 276 21 278 23 24 281 26 282 283 28 284 29 289 34 290 35 291 292 37 293 38 294 39 295 40 296 297 43 299 300 45 301 47 303 304 305 306 51 307 52 308 309 54 310 55 311 56 57 313 314 59 315 60 61 317 319 64 320 321 66 67 70 73 329 330 75 77 79 335 80 81 337 84 85 88 91 92 94 97 98 99 101 103 108 110 112 113 120 123 124 125 128 132 135 136 137 139 147 154 156 157 158 165 169 176 177 179 185 199 200 201 203 213 214 222 223 224 225 229 231 234 238 242 245 248 251 252 253 254 255

t # 34 * 151
v 0 0
v 1 0
v 2 0
v 3 0
v 4 0
v 5 0
v 6 1
v 7 1
v 8 1
e 0 1 3
e 1 2 3
e 2 3 3
e 3 4 3
e 4 5 3
e 5 6 0
e 3 7 0
e 0 8 0
x 0 1 257 2 258 260 263 264 265 10 267 12 268 13 14 271 16 272 273 274 19 276 21 278 23 24 281 26 282 283 28 284 29 289 34 290 35 291 292 37 293 38 294 39 295 40 296 297 43 299 300 45 301 47 303 304 305 306 51 307 52 308 309 54 310 55 311 56 57 313 314 59 315 60 61 317 319 64 320 321 66 67 70 73 329 330 75 77 79 335 80 81 337 84 85 88 91 92 94 97 98 99 101 103 108 110 112 113 120 123 124 125 128 132 135 136 137 139 147 154 156 157 158 165 169 176 177 179 185 199 200 201 203 213 214 222 223 224 225 229 231 234 238 242 245 248 251 252 253 254 255

t # 35 * 156
v 0 0
v 1 0
v 2 0
v 3 0
v 4 0
v 5 0
v 6 1
v 7 1
e 0 1 3
e 1 2 3
e 2 3 3
e 3 4 3
e 4 5 3
e 5 6 0
e 0 7 0
x 0 1 257 2 258 260 263 264 265 10 267 12 268 13 14 271 16 272 273 274 19 276 21 277 278 23 24 281 26 282 283 28 284 29 289 34 290 35 291 292 37 293 38 294 39 295 40 296 297 43 299 300 45 301 47 303 304 305 306 51 307 52 308 309 54 310 55 311 56 312 57 313 314 59 315 60 61 317 62 63 319 64 320 321 66 67 70 73 329 330 75 77 79 335 80 81 337 84 85 88 91 92 94 97 98 99 101 103 108 110 112 113 120 123 124 125 128 132 135 136 137 139 147 154 156 157 158 165 169 176 177 179 185 199 200 201 203 213 214 222 223 224 225 229 230 231 234 238 242 245 248 251 252 253 254 255

t # 36 * 156
v 0 0
v 1 0
v 2 0
v 3 0
v 4 0
v 5 0
v 6 1
v 7 1
e 0 1 3
e 1 2 3
e 2 3 3
e 3 4 3
e 4 5 3
e 5 6 0
e 4 7 0
x 0 1 257 2 258 260 263 264 265 10 267 12 268 13 14 271 16 272 273 274 19 276 21 277 278 23 24 281 26 282 283 28 284 29 289 34 290 35 291 292 37 293 38 294 39 295 40 296 297 43 299 300 45 301 47 303 304 305 306 51 307 52 308 309 54 310 55 311 56 312 57 313 314 59 315 60 61 317 62 63 319 64 320 321 66 67 70 73 329 330 75 77 79 335 80 81 337 84 85 88 91 92 94 97 98 99 101 103 108 110 112 113 120 123 124 125 128 132 135 136 137 139 147 154 156 157 158 165 169 176 177 179 185 199 200 201 203 213 214 222 223 224 225 229 230 231 234 238 242 245 248 251 252 253 254 255

t # 37 * 151
v 0 0
v 1 0
v 2 0
v 3 0
v 4 0
v 5 0
v 6 1
v 7 1
v 8 1
e 0 1 3
e 1 2 3
e 2 3 3
e 3 4 3
e 4 5 3
e 5 6 0
e 4 7 0
e 1 8 0
x 0 1 257 2 258 260 263 264 265 10 267 12 268 13 14 271 16 272 273 274 19 276 21 278 23 24 281 26 282 283 28 284 29 289 34 290 35 291 292 37 293 38 294 39 295 40 296 297 43 299 300 45 301 47 303 304 305 306 51 307 52 308 309 54 310 55 311 56 57 313 314 59 315 60 61 317 319 64 320 321 66 67 70 73 329 330 75 77 79 335 80 81 337 84 85 88 91 92 94 97 98 99 101 103 108 110 112 113 120 123 124 125 128 132 135 136 137 139 147 154 156 157 158 165 169 176 177 179 185 199 200 201 203 213 214 222 223 224 225 229 231 234 238 242 245 248 251 252 253 254 255

t # 38 * 151
v 0 0
v 1 0
v 2 0
v 3 0
v 4 0
v 5 0
v 6 1
v 7 1
v 8 1
e 0 1 3
e 1 2 3
e 2 3 3
e 3 4 3
e 4 5 3
e 5 6 0
e 4 7 0
e 2 8 0
x 0 1 257 2 258 260 263 264 265 10 267 12 268 13 14 271 16 272 273 274 19 276 21 278 23 24 281 26 282 283 28 284 29 289 34 290 35 291 292 37 293 38 294 39 295 40 296 297 43 299 300 45 301 47 303 304 305 306 51 307 52 308 309 54 310 55 311 56 57 313 314 59 315 60 61 317 319 64 320 321 66 67 70 73 329 330 75 77 79 335 80 81 337 84 85 88 91 92 94 97 98 99 101 103 108 110 112 113 120 123 124 125 128 132 135 136 137 139 147 154 156 157 158 165 169 176 177 179 185 199 200 201 203 213 214 222 223 224 225 229 231 234 238 242 245 248 251 252 253 254 255

t # 39 * 163
v 0 0
v 1 0
v 2 0
v 3 0
v 4 0
v 5 0
v 6 1
v 7 1
e 0 1 3
e 1 2 3
e 2 3 3
e 3 4 3
e 4 5 3
e 5 6 0
e 1 7 0
x 0 1 257 2 258 260 263 264 265 10 267 12 268 13 14 271 16 272 273 274 19 275 276 21 278 23 279 24 281 26 282 283 28 284 29 288 289 34 290 35 291 292 37 293 38 294 39 295 40 296 297 42 43 299 300 45 301 46 47 303 304 305 306 51 307 52 308 309 54 310 55 311 56 312 57 313 58 314 59 315 60 61 317 62 319 64 320 321 66 67 69 70 327 73 329 330 75 77 79 335 80 81 337 84 85 88 91 92 94 97 98 99 101 103 108 110 112 113 120 123 124 125 128 132 135 136 137 138 139 147 154 156 157 158 165 169 176 177 179 185 199 200 201 203 213 214 222 223 224 225 229 230 231 234 238 242 245 248 251 252 253 254 255

t # 40 * 190
v 0 0
v 1 0
v 2 0
v 3 0
v 4 0
v 5 1
e 0 1 3
e 1 2 3
e 2 3 3
e 3 4 3
e 4 5 0
x 0 256 1 257 2 258 259 260 262 263 264 265 10 11 267 12 268 13 269 14 270 271 16 272 273 274 19 275 276 21 277 278 23 279 24 281 26 282 283 28 284 29 287 288 289 34 290 35 291 292 37 293 38 294 39 295 40 296 297 42 43 299 300 45 301 46 302 47 303 304 305 306 51 307 52 308 309 54 310 55 311 56 312 57 313 58 314 59 315 60 61 317 62 63 319 64 320 321 66 67 323 324 69 325 70 326 327 73 329 330 75 77 79 335 80 81 337 84 85 86 88 91 92 93 94 97 98 99 101 103 108 110 112 113 114 120 123 124 125 128 130 132 135 136 137 138 139 142 147 149 154 156 157 158 165 169 176 177 179 180 185 189 199 200 201 203 213 214 222 223 224 225 229 230 231 234 236 238 240 241 242 245 247 248 250 251 252 253 254 255

t # 41 * 171
v 0 0
v 1 0
v 2 0
v 3 0
v 4 0
v 5 1
v 6 1
e 0 1 3
e 1 2 3
e 2 3 3
e 3 4 3
e 4 5 0
e 2 6 0
x 0 256 1 257 2 258 260 263 264 265 10 267 12 268 13 14 271 16 272 273 274 19 275 276 21 278 23 279 24 281 26 282 283 28 284 29 287 288 289 34 290 35 291 292 37 293 38 294 39 295 40 296 297 42 43 299 300 45 301 46 302 47 303 304 305 306 51 307 52 308 309 54 310 55 311 56 312 57 313 58 314 59 315 60 61 317 62 319 64 320 321 66 67 69 325 70 327 73 329 330 75 77 79 335 80 81 337 84 85 88 91 92 94 97 98 99 101 103 108 110 112 113 114 120 123 124 125 128 132 135 136 137 138 139 142 147 154 156 157 158 165 169 176 177 179 185 189 199 200 201 203 213 214 222 223 224 225 229 230 231 234 238 241 242 245 248 251 252 253 254 255

t # 42 * 159
v 0 0
v 1 0
v 2 0
v 3 0
v 4 0
v 5 1
v 6 1
v 7 1
e 0 1 3
e 1 2 3
e 2 3 3
e 3 4 3
e 4 5 0
e 2 6 0
e 1 7 0
x 0 256 1 257 2 258 260 263 264 265 10 267 12 268 13 14 271 16 272 273 274 19 276 21 278 23 24 281 26 282 283 28 284 29 287 289 34 290 35 291 292 37 293 38 294 39 295 40 296 297 43 299 300 45 301 302 47 303 304 305 306 51 307 52 308 309 54 310 55 311 56 57 313 314 59 315 60 61 317 319 64 320 321 66 67 325 70 73 329 330 75 77 79 335 80 81 337 84 85 88 91 92 94 97 98 99 101 103 108 110 112 113 114 120 123 124 125 128 132 135 136 137 139 142 147 154 156 157 158 165 169 176 177 179 185 189 199 200 201 203 213 214 222 223 224 225 229 231 234 238 241 242 245 248 251 252 253 254 255

t # 43 * 172
v 0 0
v 1 0
v 2 0
v 3 0
v 4 0
v 5 1
v 6 1
e 0 1 3
e 1 2 3
e 2 3 3
e 3 4 3
e 4 5 0
e 3 6 0
x 0 256 1 257 2 258 259 260 262 263 264 265 10 267 12 268 13 14 270 271 16 272 273 274 19 276 21 277 278 23 24 281 26 282 283 28 284 29 287 289 34 290 35 291 292 37 293 38 294 39 295 40 296 297 43 299 300 45 301 302 47 303 304 305 306 51 307 52 308 309 54 310 55 311 56 312 57 313 314 59 315 60 61 317 62 63 319 64 320 321 66 67 325 70 73 329 330 75 77 79 335 80 81 337 84 85 88 91 92 93 94 97 98 99 101 103 108 110 112 113 114 120 123 124 125 128 130 132 135 136 137 139 142 147 154 156 157 158 165 169 176 177 179 185 189 199 200 201 203 213 214 222 223 224 225 229 230 231 234 236 238 241 242 245 247 248 250 251 252 253 254 255

t # 44 * 161
v 0 0
v 1 0
v 2 0
v 3 0
v 4 0
v 5 1
v 6 1
v 7 1
e 0 1 3
e 1 2 3
e 2 3 3
e 3 4 3
e 4 5 0
e 3 6 0
e 0 7 0
x 0 256 1 257 2 258 259 260 262 263 264 265 10 267 12 268 13 14 270 271 16 272 273 274 19 276 21 278 23 24 281 26 282 283 28 284 29 287 289 34 290 35 291 292 37 293 38 294 39 295 40 296 297 43 299 300 45 301 47 303 304 305 306 51 307 52 308 309 54 310 55 311 56 57 313 314 59 315 60 61 317 319 64 320 321 66 67 70 73 329 330 75 77 79 335 80 81 337 84 85 88 91 92 94 97 98 99 101 103 108 110 112 113 120 123 124 125 128 132 135 136 137 139 142 147 154 156 157 158 165 169 176 177 179 185 199 200 201 203 213 214 222 223 224 225 229 231 234 236 238 241 242 245 247 248 250 251 252 253 254 255

t # 45 * 158
v 0 0
v 1 0
v 2 0
v 3 0
v 4 0
v 5 1
v 6 1
v 7 1
e 0 1 3
e 1 2 3
e 2 3 3
e 3 4 3
e 4 5 0
e 3 6 0
e 1 7 0
x 0 256 1 257 2 258 260 263 264 265 10 267 12 268 13 14 271 16 272 273 274 19 276 21 278 23 24 281 26 282 283 28 284 29 287 289 34 290 35 291 292 37 293 38 294 39 295 40 296 297 43 299 300 45 301 302 47 303 304 305 306 51 307 52 308 309 54 310 55 311 56 57 313 314 59 315 60 61 317 319 64 320 321 66 67 70 73 329 330 75 77 79 335 80 81 337 84 85 88 91 92 94 97 98 99 101 103 108 110 112 113 114 120 123 124 125 128 130 132 135 136 137 139 147 154 156 157 158 165 169 176 177 179 185 189 199 200 201 203 213 214 222 223 224 225 229 231 234 238 241 242 245 248 251 252 253 254 255

t # 46 * 173
v 0 0
v 1 0
v 2 0
v 3 0
v 4 0
v 5 1
v 6 1
e 0 1 3
e 1 2 3
e 2 3 3
e 3 4 3
e 4 5 0
e 0 6 0
x 0 256 1 257 2 258 259 260 262 263 264 265 10 267 12 268 13 14 270 271 16 272 273 274 19 275 276 21 278 23 279 24 281 26 282 283 28 284 29 287 288 289 34 290 35 291 292 37 293 38 294 39 295 40 296 297 42 43 299 300 45 301 46 47 303 304 305 306 51 307 52 308 309 54 310 55 311 56 312 57 313 58 314 59 315 60 61 317 62 319 64 320 321 66 67 69 70 327 73 329 330 75 77 79 335 80 81 337 84 85 88 91 92 94 97 98 99 101 103 108 110 112 113 120 123 124 125 128 132 135 136 137 138 139 142 147 154 156 157 158 165 169 176 177 179 185 199 200 201 203 213 214 222 223 224 225 229 230 231 234 236 238 241 242 245 247 248 250 251 252 253 254 255

t # 47 * 174
v 0 0
v 1 0
v 2 0
v 3 0
v 4 0
v 5 1
v 6 1
e 0 1 3
e 1 2 3
e 2 3 3
e 3 4 3
e 4 5 0
e 1 6 0
x 0 256 1 257 2 258 259 260 262 263 264 265 10 11 267 12 268 13 269 14 270 271 16 272 273 274 19 276 21 278 23 24 281 26 282 283 28 284 29 287 289 34 290 35 291 292 37 293 38 294 39 295 40 296 297 43 299 300 45 301 302 47 303 304 305 306 51 307 52 308 309 54 310 55 311 56 57 313 314 59 315 60 61 317 63 319 64 320 321 66 67 325 70 326 73 329 330 75 77 79 335 80 81 337 84 85 86 88 91 92 94 97 98 99 101 103 108 110 112 113 114 120 123 124 125 128 130 132 135 136 137 139 142 147 149 154 156 157 158 165 169 176 177 179 180 185 189 199 200 201 203 213 214 222 223 224 225 229 231 234 236 238 240 241 242 245 247 248 250 251 252 253 254 255

t # 48 * 183
v 0 0
v 1 0
v 2 0
v 3 0
v 4 0
v 5 1
e 0 1 3
e 1 2 3
e 2 3 3
e 3 4 3
e 2 5 0
x 0 256 1 257 2 258 260 263 264 265 10 11 267 12 268 13 269 14 271 16 272 273 274 19 275 276 21 277 278 23 279 24 281 26 282 283 28 284 29 287 288 289 34 290 35 291 292 37 293 38 294 39 295 40 296 297 42 43 299 300 45 301 46 302 47 303 304 49 305 306 51 307 52 308 309 54 310 55 311 56 312 57 313 58 314 59 315 60 61 317 62 63 319 64 320 321 66 67 323 324 69 325 70 326 327 73 329 330 75 77 79 335 80 81 337 84 85 86 88 91 92 94 97 98 99 101 103 108 110 112 113 114 120 123 124 125 128 132 135 136 137 138 139 142 147 149 154 156 157 158 165 169 176 177 179 180 185 189 199 200 201 203 213 214 222 223 224 225 229 230 231 234 238 240 241 242 245 248 251 252 253 254 255

t # 49 * 205
v 0 0
v 1 0
v 2 0
v 3 0
v 4 1
e 0 1 3
e 1 2 3
e 2 3 3
e 3 4 0
x 0 1 2 10 11 12 13 14 16 19 21 23 24 26 28 29 34 35 37 38 39 40 42 43 45 46 47 48 49 51 52 54 55 56 57 58 59 60 61 62 63 64 66 67 69 70 73 75 77 78 79 80 81 84 85 86 88 90 91 92 93 94 97 98 99 100 101 103 106 108 110 111 112 113 114 120 123 124 125 127 128 130 132 135 136 137 138 139 142 147 149 154 156 157 158 165 169 176 177 179 180 185 189 199 200 201 203 213 214 217 218 220 222 223 224 225 229 230 231 234 236 238 240 241 242 245 247 248 250 251 252 253 254 255 256 257 258 259 260 262 263 264 265 267 268 269 270 271 272 273 274 275 276 277 278 279 280 281 282 283 284 287 288 289 290 291 292 293 294 295 296 297 298 299 300 301 302 303 304 305 306 307 308 309 310 311 312 313 314 315 316 317 318 319 320 321 323 324 325 326 327 329 330 335 337

t # 50 * 186
v 0 0
v 1 0
v 2 0
v 3 0
v 4 1
v 5 1
e 0 1 3
e 1 2 3
e 2 3 3
e 3 4 0
e 0 5 0
x 0 256 1 257 2 258 259 260 262 263 264 265 10 11 267 12 268 13 269 14 270 271 16 272 273 274 19 276 21 278 23 24 280 281 26 282 283 28 284 29 287 289 34 290 35 291 292 37 293 38 294 39 295 40 296 297 42 298 43 299 300 45 301 302 47 303 48 304 305 306 51 307 52 308 309 54 310 55 311 56 57 313 314 59 315 60 316 61 317 318 63 319 64 320 321 66 67 325 70 326 73 329 330 75 77 79 335 80 81 337 84 85 86 88 90 91 92 94 97 98 99 101 103 106 108 110 111 112 113 114 120 123 124 125 127 128 130 132 135 136 137 139 142 147 149 154 156 157 158 165 169 176 177 179 180 185 189 199 200 201 203 213 214 217 220 222 223 224 225 229 231 234 236 238 240 241 242 245 247 248 250 251 252 253 254 255

t # 51 * 189
v 0 0
v 1 0
v 2 0
v 3 0
v 4 1
v 5 1
e 0 1 3
e 1 2 3
e 2 3 3
e 3 4 0
e 1 5 0
x 0 256 1 257 2 258 259 260 263 264 265 10 267 12 268 13 269 14 271 16 272 273 274 19 275 276 21 278 23 279 24 280 281 26 282 283 28 284 29 287 288 289 34 290 35 291 292 37 293 38 294 39 295 40 296 297 42 298 43 299 300 45 301 46 302 47 303 48 304 305 306 51 307 52 308 309 54 310 55 311 56 312 57 313 58 314 59 315 60 316 61 317 62 318 319 64 320 321 66 67 69 325 70 327 73 329 330 75 77 78 79 335 80 81 337 84 85 88 90 91 92 94 97 98 99 100 101 103 106 108 110 111 112 113 114 120 123 124 125 127 128 130 132 135 136 137 138 139 142 147 154 156 157 158 165 169 176 177 179 185 189 199 200 201 203 213 214 217 218 220 222 223 224 225 229 230 231 234 238 241 242 245 248 250 251 252 253 254 255

t # 52 * 189
v 0 0
v 1 0
v 2 0
v 3 0
v 4 1
v 5 1
e 0 1 3
e 1 2 3
e 2 3 3
e 3 4 0
e 2 5 0
x 0 256 1 257 2 258 259 260 262 263 264 265 10 267 12 268 13 269 14 270 271 16 272 273 274 19 276 21 277 278 23 24 280 281 26 282 283 28 284 29 287 289 34 290 35 291 292 37 293 38 294 39 295 40 296 297 42 298 43 299 300 45 301 302 47 303 48 304 49 305 306 51 307 52 308 309 54 310 55 311 56 312 57 313 314 59 315 60 316 61 317 62 318 63 319 64 320 321 66 67 325 70 73 329 330 75 77 78 79 335 80 81 337 84 85 88 90 91 92 93 94 97 98 99 100 101 103 106 108 110 111 112 113 114 120 123 124 125 127 128 130 132 135 136 137 139 142 147 154 156 157 158 165 169 176 177 179 185 189 199 200 201 203 213 214 217 218 220 222 223 224 225 229 230 231 234 236 238 241 242 245 247 248 250 251 252 253 254 255

t # 53 * 173
v 0 0
v 1 0
v 2 0
v 3 0
v 4 1
v 5 1
v 6 1
e 0 1 3
e 1 2 3
e 2 3 3
e 3 4 0
e 2 5 0
e 0 6 0
x 0 256 1 257 2 258 260 263 264 265 10 267 12 268 13 269 14 271 16 272 273 274 19 276 21 278 23 24 280 281 26 282 283 28 284 29 287 289 34 290 35 291 292 37 293 38 294 39 295 40 296 297 42 298 43 299 300 45 301 302 47 303 48 304 305 306 51 307 52 308 309 54 310 55 311 56 57 313 314 59 315 60 316 61 317 318 319 64 320 321 66 67 325 70 73 329 330 75 77 79 335 80 81 337 84 85 88 90 91 92 94 97 98 99 101 103 106 108 110 111 112 113 114 120 123 124 125 127 128 130 132 135 136 137 139 142 147 154 156 157 158 165 169 176 177 179 185 189 199 200 201 203 213 214 217 220 222 223 224 225 229 231 234 238 241 242 245 248 251 252 253 254 255

t # 54 * 205
v 0 0
v 1 0
v 2 0
v 3 0
v 4 1
e 0 1 3
e 1 2 3
e 2 3 3
e 2 4 0
x 0 1 2 10 11 12 13 14 16 19 21 23 24 26 28 29 34 35 37 38 39 40 42 43 45 46 47 48 49 51 52 54 55 56 57 58 59 60 61 62 63 64 66 67 69 70 73 75 77 78 79 80 81 84 85 86 88 90 91 92 93 94 97 98 99 100 101 103 106 108 110 111 112 113 114 120 123 124 125 127 128 130 132 135 136 137 138 139 142 147 149 154 156 157 158 165 169 176 177 179 180 185 189 199 200 201 203 213 214 217 218 220 222 223 224 225 229 230 231 234 236 238 240 241 242 245 247 248 250 251 252 253 254 255 256 257 258 259 260 262 263 264 265 267 268 269 270 271 272 273 274 275 276 277 278 279 280 281 282 283 284 287 288 289 290 291 292 293 294 295 296 297 298 299 300 301 302 303 304 305 306 307 308 309 310 311 312 313 314 315 316 317 318 319 320 321 323 324 325 326 327 329 330 335 337

t # 55 * 178
v 0 0
v 1 0
v 2 0
v 3 0
v 4 1
v 5 1
e 0 1 3
e 1 2 3
e 2 3 3
e 2 4 0
e 1 5 0
x 0 256 1 257 2 258 260 263 264 265 10 267 12 268 13 269 14 271 16 272 273 274 19 276 21 277 278 23 24 281 26 282 283 28 284 29 287 289 34 290 35 291 292 37 293 38 294 39 295 40 296 297 43 299 300 45 301 302 47 303 48 304 49 305 306 51 307 52 308 309 54 310 55 311 56 312 57 313 314 59 315 60 316 61 317 62 318 63 319 64 320 321 66 67 325 70 73 329 330 75 77 78 79 335 80 81 337 84 85 88 90 91 92 94 97 98 99 100 101 103 106 108 110 111 112 113 114 120 123 124 125 127 128 132 135 136 137 139 142 147 154 156 157 158 165 169 176 177 179 185 189 199 200 201 203 213 214 217 218 220 222 223 224 225 229 230 231 234 238 241 242 245 248 251 252 253 254 255

t # 56 * 205
v 0 0
v 1 0
v 2 0
v 3 1
e 0 1 3
e 1 2 3
e 2 3 0
x 0 1 2 10 11 12 13 14 16 19 21 23 24 26 28 29 34 35 37 38 39 40 42 43 45 46 47 48 49 51 52 54 55 56 57 58 59 60 61 62 63 64 66 67 69 70 73 75 77 78 79 80 81 84 85 86 88 90 91 92 93 94 97 98 99 100 101 103 106 108 110 111 112 113 114 120 123 124 125 127 128 130 132 135 136 137 138 139 142 147 149 154 156 157 158 165 169 176 177 179 180 185 189 199 200 201 203 213 214 217 218 220 222 223 224 225 229 230 231 234 236 238 240 241 242 245 247 248 250 251 252 253 254 255 256 257 258 259 260 262 263 264 265 267 268 269 270 271 272 273 274 275 276 277 278 279 280 281 282 283 284 287 288 289 290 291 292 293 294 295 296 297 298 299 300 301 302 303 304 305 306 307 308 309 310 311 312 313 314 315 316 317 318 319 320 321 323 324 325 326 327 329 330 335 337

t # 57 * 189
v 0 0
v 1 0
v 2 0
v 3 1
v 4 1
e 0 1 3
e 1 2 3
e 2 3 0
e 0 4 0
x 0 256 1 257 2 258 259 260 263 264 265 10 267 12 268 13 269 14 271 16 272 273 274 19 275 276 21 278 23 279 24 280 281 26 282 283 28 284 29 287 288 289 34 290 35 291 292 37 293 38 294 39 295 40 296 297 42 298 43 299 300 45 301 46 302 47 303 48 304 305 306 51 307 52 308 309 54 310 55 311 56 312 57 313 58 314 59 315 60 316 61 317 62 318 319 64 320 321 66 67 69 325 70 327 73 329 330 75 77 78 79 335 80 81 337 84 85 88 90 91 92 94 97 98 99 100 101 103 106 108 110 111 112 113 114 120 123 124 125 127 128 130 132 135 136 137 138 139 142 147 154 156 157 158 165 169 176 177 179 185 189 199 200 201 203 213 214 217 218 220 222 223 224 225 229 230 231 234 238 241 242 245 248 250 251 252 253 254 255

t # 58 * 189
v 0 0
v 1 0
v 2 0
v 3 1
v 4 1
e 0 1 3
e 1 2 3
e 2 3 0
e 1 4 0
x 0 256 1 257 2 258 259 260 262 263 264 265 10 267 12 268 13 269 14 270 271 16 272 273 274 19 276 21 277 278 23 24 280 281 26 282 283 28 284 29 287 289 34 290 35 291 292 37 293 38 294 39 295 40 296 297 42 298 43 299 300 45 301 302 47 303 48 304 49 305 306 51 307 52 308 309 54 310 55 311 56 312 57 313 314 59 315 60 316 61 317 62 318 63 319 64 320 321 66 67 325 70 73 329 330 75 77 78 79 335 80 81 337 84 85 88 90 91 92 93 94 97 98 99 100 101 103 106 108 110 111 112 113 114 120 123 124 125 127 128 130 132 135 136 137 139 142 147 154 156 157 158 165 169 176 177 179 185 189 199 200 201 203 213 214 217 218 220 222 223 224 225 229 230 231 234 236 238 241 242 245 247 248 250 251 252 253 254 255

t # 59 * 206
v 0 0
v 1 0
v 2 1
e 0 1 3
e 1 2 0
x 0 1 2 10 11 12 13 14 16 19 21 23 24 26 28 29 34 35 37 38 39 40 42 43 45 46 47 48 49 51 52 54 55 56 57 58 59 60 61 62 63 64 66 67 69 70 73 75 77 78 79 80 81 84 85 86 88 90 91 92 93 94 97 98 99 100 101 103 106 108 110 111 112 113 114 120 123 124 125 127 128 130 132 135 136 137 138 139 142 147 149 154 156 157 158 165 169 176 177 179 180 185 189 190 199 200 201 203 213 214 217 218 220 222 223 224 225 229 230 231 234 236 238 240 241 242 245 247 248 250 251 252 253 254 255 256 257 258 259 260 262 263 264 265 267 268 269 270 271 272 273 274 275 276 277 278 279 280 281 282 283 284 287 288 289 290 291 292 293 294 295 296 297 298 299 300 301 302 303 304 305 306 307 308 309 310 311 312 313 314 315 316 317 318 319 320 321 323 324 325 326 327 329 330 335 337

t # 60 * 189
v 0 0
v 1 0
v 2 1
v 3 1
e 0 1 3
e 1 2 0
e 0 3 0
x 0 256 1 257 2 258 259 260 262 263 264 265 10 267 12 268 13 269 14 270 271 16 272 273 274 19 276 21 277 278 23 24 280 281 26 282 283 28 284 29 287 289 34 290 35 291 292 37 293 38 294 39 295 40 296 297 42 298 43 299 300 45 301 302 47 303 48 304 49 305 306 51 307 52 308 309 54 310 55 311 56 312 57 313 314 59 315 60 316 61 317 62 318 63 319 64 320 321 66 67 325 70 73 329 330 75 77 78 79 335 80 81 337 84 85 88 90 91 92 93 94 97 98 99 100 101 103 106 108 110 111 112 113 114 120 123 124 125 127 128 130 132 135 136 137 139 142 147 154 156 157 158 165 169 176 177 179 185 189 199 200 201 203 213 214 217 218 220 222 223 224 225 229 230 231 234 236 238 241 242 245 247 248 250 251 252 253 254 255

t # 61 * 206
v 0 0
v 1 1
e 0 1 0
x 0 1 2 10 11 12 13 14 16 19 21 23 24 26 28 29 34 35 37 38 39 40 42 43 45 46 47 48 49 51 52 54 55 56 57 58 59 60 61 62 63 64 66 67 69 70 73 75 77 78 79 80 81 84 85 86 88 90 91 92 93 94 97 98 99 100 101 103 106 108 110 111 112 113 114 120 123 124 125 127 128 130 132 135 136 137 138 139 142 147 149 154 156 157 158 165 169 176 177 179 180 185 189 190 199 200 201 203 213 214 217 218 220 222 223 224 225 229 230 231 234 236 238 240 241 242 245 247 248 250 251 252 253 254 255 256 257 258 259 260 262 263 264 265 267 268 269 270 271 272 273 274 275 276 277 278 279 280 281 282 283 284 287 288 289 290 291 292 293 294 295 296 297 298 299 300 301 302 303 304 305 306 307 308 309 310 311 312 313 314 315 316 317 318 319 320 321 323 324 325 326 327 329 330 335 337

